{
  "nbformat": 4,
  "nbformat_minor": 0,
  "metadata": {
    "colab": {
      "provenance": []
    },
    "kernelspec": {
      "name": "python3",
      "display_name": "Python 3"
    },
    "language_info": {
      "name": "python"
    }
  },
  "cells": [
    {
      "cell_type": "code",
      "execution_count": 1,
      "metadata": {
        "id": "Dm9Bt0SfMSVL"
      },
      "outputs": [],
      "source": [
        "import pandas as pd\n",
        "import numpy as np\n",
        "from sklearn.preprocessing import StandardScaler\n",
        "from sklearn.metrics.pairwise import cosine_similarity, pairwise_distances"
      ]
    },
    {
      "cell_type": "code",
      "source": [
        "customers = pd.read_csv(\"Customers.csv\")\n",
        "transactions = pd.read_csv(\"Transactions.csv\")"
      ],
      "metadata": {
        "id": "NiBD8pz6rQmM"
      },
      "execution_count": 2,
      "outputs": []
    },
    {
      "cell_type": "code",
      "source": [
        "print(transactions.columns)\n"
      ],
      "metadata": {
        "colab": {
          "base_uri": "https://localhost:8080/"
        },
        "id": "ahmKtESer89Y",
        "outputId": "38aca37e-f33a-4dce-ace9-ad695a547050"
      },
      "execution_count": 3,
      "outputs": [
        {
          "output_type": "stream",
          "name": "stdout",
          "text": [
            "Index(['TransactionID', 'CustomerID', 'ProductID', 'TransactionDate',\n",
            "       'Quantity', 'TotalValue', 'Price'],\n",
            "      dtype='object')\n"
          ]
        }
      ]
    },
    {
      "cell_type": "code",
      "source": [
        "# Filter for the first 20 customers\n",
        "customers = customers[customers['CustomerID'].isin([f'C{i:04d}' for i in range(1, 21)])]\n",
        "print(customers)"
      ],
      "metadata": {
        "colab": {
          "base_uri": "https://localhost:8080/"
        },
        "id": "_DJ5KJ0wrckf",
        "outputId": "2c9ab881-4e77-499f-be3c-72e2784c0cec"
      },
      "execution_count": 4,
      "outputs": [
        {
          "output_type": "stream",
          "name": "stdout",
          "text": [
            "   CustomerID        CustomerName         Region  SignupDate\n",
            "0       C0001    Lawrence Carroll  South America  2022-07-10\n",
            "1       C0002      Elizabeth Lutz           Asia  2022-02-13\n",
            "2       C0003      Michael Rivera  South America  2024-03-07\n",
            "3       C0004  Kathleen Rodriguez  South America  2022-10-09\n",
            "4       C0005         Laura Weber           Asia  2022-08-15\n",
            "5       C0006     Brittany Palmer  South America  2024-01-07\n",
            "6       C0007         Paul Graves           Asia  2022-06-18\n",
            "7       C0008            David Li  North America  2024-01-13\n",
            "8       C0009           Joy Clark         Europe  2023-08-14\n",
            "9       C0010           Aaron Cox         Europe  2022-12-15\n",
            "10      C0011       Bryan Mathews  South America  2022-12-12\n",
            "11      C0012           Kevin May  South America  2024-08-07\n",
            "12      C0013     Lauren Buchanan  South America  2024-05-19\n",
            "13      C0014      Deborah Wilcox         Europe  2024-06-22\n",
            "14      C0015          Tina Duran  North America  2023-11-20\n",
            "15      C0016         Emily Woods  North America  2024-01-03\n",
            "16      C0017       Jennifer King         Europe  2023-12-05\n",
            "17      C0018        Tyler Haynes  North America  2024-09-21\n",
            "18      C0019   Brandon Rodriguez         Europe  2023-01-12\n",
            "19      C0020   Mr. Manuel Conway  North America  2024-06-11\n"
          ]
        }
      ]
    },
    {
      "cell_type": "markdown",
      "source": [
        "### Data PreProcessing"
      ],
      "metadata": {
        "id": "RqRWmGsRrlK8"
      }
    },
    {
      "cell_type": "code",
      "source": [
        "# Handle missing values\n",
        "customers.fillna(0, inplace=True)\n",
        "transactions.fillna(0, inplace=True)"
      ],
      "metadata": {
        "id": "bk2WLkuyrf0t"
      },
      "execution_count": 5,
      "outputs": []
    },
    {
      "cell_type": "code",
      "source": [
        "# Aggregate transaction history features for each customer\n",
        "customer_transactions = transactions.groupby('CustomerID').agg({\n",
        "    'TotalValue': ['sum', 'mean', 'std'],   # Aggregating transaction amounts\n",
        "    'ProductID': 'nunique',                # Number of unique products purchased\n",
        "    'TransactionID': 'count'               # Total number of transactions\n",
        "}).reset_index()"
      ],
      "metadata": {
        "id": "H0n3B8j4rw7-"
      },
      "execution_count": 6,
      "outputs": []
    },
    {
      "cell_type": "code",
      "source": [
        "# Flatten multi-level column names\n",
        "customer_transactions.columns = ['CustomerID', 'TotalSpend', 'AvgSpend', 'SpendStd', 'UniqueProducts', 'TransactionCount']"
      ],
      "metadata": {
        "id": "0IJHJqjErxe9"
      },
      "execution_count": 7,
      "outputs": []
    },
    {
      "cell_type": "code",
      "source": [
        "# Merge customer profiles with aggregated transaction data\n",
        "customer_data = pd.merge(customers, customer_transactions, on='CustomerID', how='left')"
      ],
      "metadata": {
        "id": "tUwJSf6jsWNc"
      },
      "execution_count": 8,
      "outputs": []
    },
    {
      "cell_type": "code",
      "source": [
        "# Fill missing values with 0\n",
        "customer_data.fillna(0, inplace=True)"
      ],
      "metadata": {
        "id": "W2y4yILZsaSz"
      },
      "execution_count": 9,
      "outputs": []
    },
    {
      "cell_type": "code",
      "source": [
        "# Display the prepared customer data\n",
        "print(customer_data.head())"
      ],
      "metadata": {
        "colab": {
          "base_uri": "https://localhost:8080/"
        },
        "id": "RS7aUeQLsd33",
        "outputId": "5b18a167-0878-4657-e840-383cd7a40812"
      },
      "execution_count": 10,
      "outputs": [
        {
          "output_type": "stream",
          "name": "stdout",
          "text": [
            "  CustomerID        CustomerName         Region  SignupDate  TotalSpend  \\\n",
            "0      C0001    Lawrence Carroll  South America  2022-07-10     3354.52   \n",
            "1      C0002      Elizabeth Lutz           Asia  2022-02-13     1862.74   \n",
            "2      C0003      Michael Rivera  South America  2024-03-07     2725.38   \n",
            "3      C0004  Kathleen Rodriguez  South America  2022-10-09     5354.88   \n",
            "4      C0005         Laura Weber           Asia  2022-08-15     2034.24   \n",
            "\n",
            "   AvgSpend    SpendStd  UniqueProducts  TransactionCount  \n",
            "0   670.904  456.643861               5                 5  \n",
            "1   465.685  219.519169               4                 4  \n",
            "2   681.345  559.276543               4                 4  \n",
            "3   669.360  325.386829               8                 8  \n",
            "4   678.080  310.820746               3                 3  \n"
          ]
        }
      ]
    },
    {
      "cell_type": "code",
      "source": [
        "print(customer_data.columns)"
      ],
      "metadata": {
        "colab": {
          "base_uri": "https://localhost:8080/"
        },
        "id": "zTr9aI2FtJeB",
        "outputId": "21bdc6ed-562f-49a7-dccd-53782155c784"
      },
      "execution_count": 11,
      "outputs": [
        {
          "output_type": "stream",
          "name": "stdout",
          "text": [
            "Index(['CustomerID', 'CustomerName', 'Region', 'SignupDate', 'TotalSpend',\n",
            "       'AvgSpend', 'SpendStd', 'UniqueProducts', 'TransactionCount'],\n",
            "      dtype='object')\n"
          ]
        }
      ]
    },
    {
      "cell_type": "code",
      "source": [
        "# Normalize numerical features\n",
        "scaler = StandardScaler()\n",
        "numerical_features = ['TotalSpend', 'AvgSpend', 'SpendStd', 'UniqueProducts', 'TransactionCount']\n",
        "customer_data[numerical_features] = scaler.fit_transform(customer_data[numerical_features])\n"
      ],
      "metadata": {
        "id": "FUww0hu4snDI"
      },
      "execution_count": 12,
      "outputs": []
    },
    {
      "cell_type": "markdown",
      "source": [
        "### Compute similarity scores between customers using both customer profile and transaction history"
      ],
      "metadata": {
        "id": "OTFzntdvs3yV"
      }
    },
    {
      "cell_type": "code",
      "source": [
        "# Categorical feature adjustment\n",
        "categorical_features = ['Region']  # Using Region as the only categorical feature\n",
        "if categorical_features:\n",
        "    categorical_data = pd.get_dummies(customer_data[categorical_features], drop_first=True)\n",
        "    cosine_sim = cosine_similarity(categorical_data)\n",
        "else:\n",
        "    print(\"No categorical features found, skipping cosine similarity.\")\n",
        "    cosine_sim = np.zeros((len(customer_data), len(customer_data)))  # No contribution from categorical features\n"
      ],
      "metadata": {
        "id": "214EnZe-s1OB"
      },
      "execution_count": 13,
      "outputs": []
    },
    {
      "cell_type": "code",
      "source": [
        "# Compute Euclidean similarity for numerical features\n",
        "numerical_features = ['TotalSpend', 'AvgSpend', 'SpendStd', 'UniqueProducts', 'TransactionCount']\n",
        "scaler = StandardScaler()\n",
        "customer_data[numerical_features] = scaler.fit_transform(customer_data[numerical_features])\n",
        "numerical_data = customer_data[numerical_features]\n",
        "euclidean_sim = 1 - pairwise_distances(numerical_data, metric='euclidean')"
      ],
      "metadata": {
        "id": "snwQEty9tBtX"
      },
      "execution_count": 14,
      "outputs": []
    },
    {
      "cell_type": "code",
      "source": [
        "# Combine similarities (weights can be adjusted as needed)\n",
        "final_sim = 0.5 * cosine_sim + 0.5 * euclidean_sim\n",
        "print(final_sim)"
      ],
      "metadata": {
        "colab": {
          "base_uri": "https://localhost:8080/"
        },
        "id": "orxPW4VRtgzX",
        "outputId": "d58b4e8d-9d17-4209-e04b-ad6e970019a9"
      },
      "execution_count": 15,
      "outputs": [
        {
          "output_type": "stream",
          "name": "stdout",
          "text": [
            "[[ 1.00000000e+00 -4.33430319e-01  5.58025564e-01 -1.50144732e-01\n",
            "  -3.16979824e-01 -1.81336181e-02 -3.07429783e-01 -1.16483943e+00\n",
            "  -1.01564351e+00 -3.13374482e-01  7.84663018e-01  8.16290261e-02\n",
            "  -2.56422684e-01 -1.57466002e+00 -9.13560323e-01  6.55736795e-02\n",
            "  -5.46883325e-01 -3.44774540e-01 -5.68191112e-01 -1.41482087e+00]\n",
            " [-4.33430319e-01  5.00000000e-01 -5.11650004e-01 -1.21163950e+00\n",
            "  -1.28409246e-01 -1.26133297e+00 -5.86266222e-01 -1.54476766e+00\n",
            "  -1.08582269e-01 -1.13002290e-01 -6.17066546e-01 -1.30883328e+00\n",
            "  -1.66337590e+00 -7.16527081e-01 -2.38155142e-01 -8.47039313e-01\n",
            "  -1.09104299e+00 -1.21706586e+00 -1.68063154e-01 -1.03834428e+00]\n",
            " [ 5.58025564e-01 -5.11650004e-01  1.00000000e+00 -5.74823072e-01\n",
            "  -2.16081361e-01  9.37812088e-03 -1.59721641e-01 -1.52303409e+00\n",
            "  -1.00506640e+00 -2.03561691e-01  4.98424830e-01 -1.29149236e-01\n",
            "  -4.59990463e-01 -1.50024196e+00 -8.38882833e-01 -1.86900905e-02\n",
            "  -9.56561845e-01 -4.48488291e-01 -8.21569105e-01 -1.33418139e+00]\n",
            " [-1.50144732e-01 -1.21163950e+00 -5.74823072e-01  1.00000000e+00\n",
            "  -1.33789994e+00 -6.62046443e-01 -1.31600430e+00 -4.27257001e-01\n",
            "  -1.76948128e+00 -1.27885265e+00 -1.24316457e-01  2.23197376e-02\n",
            "  -8.94016612e-02 -2.37735517e+00 -1.80318677e+00 -7.37171873e-01\n",
            "   2.10686646e-01 -8.02622903e-01 -8.82652556e-01 -2.22562935e+00]\n",
            " [-3.16979824e-01 -1.28409246e-01 -2.16081361e-01 -1.33789994e+00\n",
            "   4.99999985e-01 -7.95225530e-01 -1.44950452e-03 -1.84560402e+00\n",
            "  -5.40383117e-01 -2.66499858e-01 -4.13764698e-01 -1.19886624e+00\n",
            "  -1.51610210e+00 -8.93803406e-01 -1.50577611e-01 -5.98526683e-01\n",
            "  -1.26374381e+00 -8.81367160e-01 -7.11764196e-01 -6.85108018e-01]\n",
            " [-1.81336181e-02 -1.26133297e+00  9.37812088e-03 -6.62046443e-01\n",
            "  -7.95225530e-01  1.00000000e+00 -3.41141409e-01 -1.88329068e+00\n",
            "  -1.80039615e+00 -1.16871866e+00  1.74514553e-01 -1.39924711e-01\n",
            "  -2.22322942e-01 -2.16342988e+00 -1.39564257e+00 -2.41305715e-01\n",
            "  -1.19839160e+00  7.54740852e-02 -1.53750802e+00 -1.45049672e+00]\n",
            " [-3.07429783e-01 -5.86266222e-01 -1.59721641e-01 -1.31600430e+00\n",
            "  -1.44950452e-03 -3.41141409e-01  5.00000000e-01 -1.93286845e+00\n",
            "  -1.04181039e+00 -5.99640456e-01 -2.81954402e-01 -1.02364450e+00\n",
            "  -1.27810071e+00 -1.34382145e+00 -5.71281038e-01 -3.93292015e-01\n",
            "  -1.28419316e+00 -5.31332798e-01 -1.06362770e+00 -7.63783145e-01]\n",
            " [-1.16483943e+00 -1.54476766e+00 -1.52303409e+00 -4.27257001e-01\n",
            "  -1.84560402e+00 -1.88329068e+00 -1.93286845e+00  9.99999970e-01\n",
            "  -1.99641802e+00 -1.50316775e+00 -1.22178653e+00 -9.79378446e-01\n",
            "  -1.12065222e+00 -2.69567387e+00 -1.75216593e+00 -7.91949438e-01\n",
            "  -2.48349440e-01 -1.01484646e+00 -9.92515621e-01 -2.32952332e+00]\n",
            " [-1.01564351e+00 -1.08582269e-01 -1.00506640e+00 -1.76948128e+00\n",
            "  -5.40383117e-01 -1.80039615e+00 -1.04181039e+00 -1.99641802e+00\n",
            "   9.99999979e-01  5.77297259e-02 -1.20209991e+00 -1.87652279e+00\n",
            "  -2.24396814e+00  2.71220298e-01 -2.28842229e-01 -1.41001214e+00\n",
            "  -1.13580653e+00 -1.79332412e+00 -2.27009737e-02 -1.12157411e+00]\n",
            " [-3.13374482e-01 -1.13002290e-01 -2.03561691e-01 -1.27885265e+00\n",
            "  -2.66499858e-01 -1.16871866e+00 -5.99640456e-01 -1.50316775e+00\n",
            "   5.77297259e-02  1.00000000e+00 -5.08929935e-01 -1.09171680e+00\n",
            "  -1.47065510e+00 -5.52563526e-01 -6.05139113e-01 -6.26292211e-01\n",
            "  -5.97220689e-01 -1.09674818e+00  7.56358772e-02 -1.38504785e+00]\n",
            " [ 7.84663018e-01 -6.17066546e-01  4.98424830e-01 -1.24316457e-01\n",
            "  -4.13764698e-01  1.74514553e-01 -2.81954402e-01 -1.22178653e+00\n",
            "  -1.20209991e+00 -5.08929935e-01  1.00000000e+00  1.95637471e-01\n",
            "  -1.08334866e-01 -1.72763250e+00 -1.03393818e+00  2.14680189e-01\n",
            "  -5.61520877e-01 -1.31088077e-01 -7.58539375e-01 -1.44573194e+00]\n",
            " [ 8.16290261e-02 -1.30883328e+00 -1.29149236e-01  2.23197376e-02\n",
            "  -1.19886624e+00 -1.39924711e-01 -1.02364450e+00 -9.79378446e-01\n",
            "  -1.87652279e+00 -1.09171680e+00  1.95637471e-01  1.00000000e+00\n",
            "   5.76905364e-01 -2.45818774e+00 -1.81071012e+00 -1.63164810e-01\n",
            "  -4.27110111e-01 -2.35448790e-01 -1.23344097e+00 -2.22002577e+00]\n",
            " [-2.56422684e-01 -1.66337590e+00 -4.59990463e-01 -8.94016612e-02\n",
            "  -1.51610210e+00 -2.22322942e-01 -1.27810071e+00 -1.12065222e+00\n",
            "  -2.24396814e+00 -1.47065510e+00 -1.08334866e-01  5.76905364e-01\n",
            "   1.00000000e+00 -2.80949842e+00 -2.13617605e+00 -4.54170158e-01\n",
            "  -6.12636275e-01 -3.20179413e-01 -1.57562782e+00 -2.46436655e+00]\n",
            " [-1.57466002e+00 -7.16527081e-01 -1.50024196e+00 -2.37735517e+00\n",
            "  -8.93803406e-01 -2.16342988e+00 -1.34382145e+00 -2.69567387e+00\n",
            "   2.71220298e-01 -5.52563526e-01 -1.72763250e+00 -2.45818774e+00\n",
            "  -2.80949842e+00  1.00000000e+00 -2.92752444e-01 -1.93157995e+00\n",
            "  -1.78199474e+00 -2.24806760e+00 -7.11810884e-01 -9.25301577e-01]\n",
            " [-9.13560323e-01 -2.38155142e-01 -8.38882833e-01 -1.80318677e+00\n",
            "  -1.50577611e-01 -1.39564257e+00 -5.71281038e-01 -1.75216593e+00\n",
            "  -2.28842229e-01 -6.05139113e-01 -1.03393818e+00 -1.81071012e+00\n",
            "  -2.13617605e+00 -2.92752444e-01  1.00000000e+00 -7.39755104e-01\n",
            "  -1.73262125e+00 -1.00863368e+00 -8.74754214e-01  8.05988584e-02]\n",
            " [ 6.55736795e-02 -8.47039313e-01 -1.86900905e-02 -7.37171873e-01\n",
            "  -5.98526683e-01 -2.41305715e-01 -3.93292015e-01 -7.91949438e-01\n",
            "  -1.41001214e+00 -6.26292211e-01  2.14680189e-01 -1.63164810e-01\n",
            "  -4.54170158e-01 -1.93157995e+00 -7.39755104e-01  9.99999989e-01\n",
            "  -6.64802236e-01  4.91875673e-01 -9.84268631e-01 -1.12811429e+00]\n",
            " [-5.46883325e-01 -1.09104299e+00 -9.56561845e-01  2.10686646e-01\n",
            "  -1.26374381e+00 -1.19839160e+00 -1.28419316e+00 -2.48349440e-01\n",
            "  -1.13580653e+00 -5.97220689e-01 -5.61520877e-01 -4.27110111e-01\n",
            "  -6.12636275e-01 -1.78199474e+00 -1.73262125e+00 -6.64802236e-01\n",
            "   1.00000000e+00 -8.35934299e-01 -2.16757751e-01 -2.23011480e+00]\n",
            " [-3.44774540e-01 -1.21706586e+00 -4.48488291e-01 -8.02622903e-01\n",
            "  -8.81367160e-01  7.54740852e-02 -5.31332798e-01 -1.01484646e+00\n",
            "  -1.79332412e+00 -1.09674818e+00 -1.31088077e-01 -2.35448790e-01\n",
            "  -3.20179413e-01 -2.24806760e+00 -1.00863368e+00  4.91875673e-01\n",
            "  -8.35934299e-01  1.00000000e+00 -1.36549166e+00 -1.20591018e+00]\n",
            " [-5.68191112e-01 -1.68063154e-01 -8.21569105e-01 -8.82652556e-01\n",
            "  -7.11764196e-01 -1.53750802e+00 -1.06362770e+00 -9.92515621e-01\n",
            "  -2.27009737e-02  7.56358772e-02 -7.58539375e-01 -1.23344097e+00\n",
            "  -1.57562782e+00 -7.11810884e-01 -8.74754214e-01 -9.84268631e-01\n",
            "  -2.16757751e-01 -1.36549166e+00  1.00000000e+00 -1.60994504e+00]\n",
            " [-1.41482087e+00 -1.03834428e+00 -1.33418139e+00 -2.22562935e+00\n",
            "  -6.85108018e-01 -1.45049672e+00 -7.63783145e-01 -2.32952332e+00\n",
            "  -1.12157411e+00 -1.38504785e+00 -1.44573194e+00 -2.22002577e+00\n",
            "  -2.46436655e+00 -9.25301577e-01  8.05988584e-02 -1.12811429e+00\n",
            "  -2.23011480e+00 -1.20591018e+00 -1.60994504e+00  1.00000000e+00]]\n"
          ]
        }
      ]
    },
    {
      "cell_type": "code",
      "source": [
        "# Get the top 3 similar customers for each customer\n",
        "lookalikes = {}\n",
        "for i in range(len(customer_data)):\n",
        "    similar_customers = np.argsort(final_sim[i])[::-1][1:4]  # Top 3 similar customers\n",
        "    similar_scores = final_sim[i][similar_customers]\n",
        "    lookalikes[customer_data['CustomerID'].iloc[i]] = [\n",
        "        (customer_data['CustomerID'].iloc[j], score) for j, score in zip(similar_customers, similar_scores)\n",
        "    ]"
      ],
      "metadata": {
        "id": "z__pF9UatorV"
      },
      "execution_count": 16,
      "outputs": []
    },
    {
      "cell_type": "code",
      "source": [
        "# Prepare the result DataFrame\n",
        "lookalike_df = pd.DataFrame([\n",
        "    {'cust_id': cust_id, 'lookalikes': lookalikes[cust_id]} for cust_id in lookalikes\n",
        "])\n",
        "print(lookalike_df)"
      ],
      "metadata": {
        "colab": {
          "base_uri": "https://localhost:8080/"
        },
        "id": "gY5LHDDRttdl",
        "outputId": "a50d25d4-be49-4362-d477-c954e4d15f1a"
      },
      "execution_count": 17,
      "outputs": [
        {
          "output_type": "stream",
          "name": "stdout",
          "text": [
            "   cust_id                                         lookalikes\n",
            "0    C0001  [(C0011, 0.7846630184318182), (C0003, 0.558025...\n",
            "1    C0002  [(C0009, -0.10858226896038758), (C0010, -0.113...\n",
            "2    C0003  [(C0001, 0.558025564446309), (C0011, 0.4984248...\n",
            "3    C0004  [(C0017, 0.21068664562635725), (C0012, 0.02231...\n",
            "4    C0005  [(C0007, -0.0014495045156188713), (C0002, -0.1...\n",
            "5    C0006  [(C0011, 0.17451455296274487), (C0018, 0.07547...\n",
            "6    C0007  [(C0005, -0.0014495045156188713), (C0003, -0.1...\n",
            "7    C0008  [(C0017, -0.2483494402941373), (C0004, -0.4272...\n",
            "8    C0009  [(C0014, 0.27122029841624684), (C0010, 0.05772...\n",
            "9    C0010  [(C0019, 0.07563587718888798), (C0009, 0.05772...\n",
            "10   C0011  [(C0001, 0.7846630184318182), (C0003, 0.498424...\n",
            "11   C0012  [(C0013, 0.5769053643847799), (C0011, 0.195637...\n",
            "12   C0013  [(C0012, 0.5769053643847799), (C0004, -0.08940...\n",
            "13   C0014  [(C0009, 0.27122029841624684), (C0015, -0.2927...\n",
            "14   C0015  [(C0020, 0.08059885835577763), (C0005, -0.1505...\n",
            "15   C0016  [(C0018, 0.4918756729652619), (C0011, 0.214680...\n",
            "16   C0017  [(C0004, 0.21068664562635725), (C0019, -0.2167...\n",
            "17   C0018  [(C0016, 0.491875672965262), (C0006, 0.0754740...\n",
            "18   C0019  [(C0010, 0.07563587718888798), (C0009, -0.0227...\n",
            "19   C0020  [(C0015, 0.08059885835577763), (C0005, -0.6851...\n"
          ]
        }
      ]
    },
    {
      "cell_type": "code",
      "source": [
        "# Export to a CSV file\n",
        "lookalike_df.to_csv('Lookalike.csv', index=False)"
      ],
      "metadata": {
        "id": "WswdzOpAtuzi"
      },
      "execution_count": 18,
      "outputs": []
    },
    {
      "cell_type": "code",
      "source": [
        "# Display the first few results\n",
        "print(lookalike_df.head())"
      ],
      "metadata": {
        "colab": {
          "base_uri": "https://localhost:8080/"
        },
        "id": "W-vteeZBt4Qp",
        "outputId": "0abf6ff9-6098-4962-bec7-d3e0ef9b1f09"
      },
      "execution_count": 19,
      "outputs": [
        {
          "output_type": "stream",
          "name": "stdout",
          "text": [
            "  cust_id                                         lookalikes\n",
            "0   C0001  [(C0011, 0.7846630184318182), (C0003, 0.558025...\n",
            "1   C0002  [(C0009, -0.10858226896038758), (C0010, -0.113...\n",
            "2   C0003  [(C0001, 0.558025564446309), (C0011, 0.4984248...\n",
            "3   C0004  [(C0017, 0.21068664562635725), (C0012, 0.02231...\n",
            "4   C0005  [(C0007, -0.0014495045156188713), (C0002, -0.1...\n"
          ]
        }
      ]
    },
    {
      "cell_type": "code",
      "source": [
        "import seaborn as sns\n",
        "import matplotlib.pyplot as plt\n",
        "\n",
        "sns.heatmap(final_sim[:20, :20], annot=False, cmap='coolwarm')\n",
        "plt.title('Customer Similarity Heatmap (First 20)')\n",
        "plt.show()"
      ],
      "metadata": {
        "colab": {
          "base_uri": "https://localhost:8080/",
          "height": 452
        },
        "id": "PxhAzT5juLOD",
        "outputId": "58875e46-9a11-4079-ceae-514b7e81d0f1"
      },
      "execution_count": 20,
      "outputs": [
        {
          "output_type": "display_data",
          "data": {
            "text/plain": [
              "<Figure size 640x480 with 2 Axes>"
            ],
